ANIO	NINIO	87007	87016	87047	87078	87097	87121	87129	87148	87162	87166	87178	87217	87222	87244	87257	87270	87289	87311	87320	87328	87344	87349	87371	87374	87393	87395	87418	87436	87448	87453	87467	87480	87497	87506	87509	87532	87534	87544	87548	87550	87563	87585	87593	87596	87623	87640	87641	87645	87679	87688	87692	87715	87750	87765	87774	87784	87803	87828	87860	87904	87909	87925	87144	1801	87791	87880	87934
1979	0.14	78.6	186.0	191.7	269.1	751.6	356.7	88.2	273.8	329.2	264.0	334.4	99.6	142.3	77.6	261.5	368.4	271.5	22.7	59.8	139.1	85.3	80.3	243.8	298.5	258.2	260.4	56.1	223.0	139.5	137.7	154.3	233.9	119.4	73.9	103.0	185.4	184.0	252.0	185.9	188.5	102.1	189.9	115.7	117.2	197.9	192.3	95.0	97.4	243.1	304.4	147.5	17.9	155.9	189.3	83.8	65.3	178.9	81.8	100.5	69.0	61.5	76.5	246.7	111.8	128.3	42.3	109.6
1980	0.21	46.5	486.9	297.6	358.0	400.9	274.4	215.5	382.0	369.8	381.8	486.2	129.2	125.3	272.1	214.9	275.2	244.3	26.6	113.4	230.1	384.8	242.2	396.1	480.3	299.2	435.4	43.6	80.4	177.4	285.8	319.8	312.7	454.8	73.9	94.5	205.9	383.7	380.2	554.2	574.7	568.8	490.4	553.9	603.3	177.4	538.6	842.8	755.8	452.6	482.3	561.4	93.9	428.8	415.5	98.9	63.7	189.2	112.0	192.8	102.2	148.5	96.4	344.7	129.6	96.1	54.7	111.8
1981	-0.03	72.4	269.0	82.6	318.6	308.5	304.2	129.2	334.1	418.9	522.2	305.2	126.2	119.4	195.4	228.6	340.1	200.2	10.3	115.9	162.9	328.6	379.7	372.3	495.1	359.9	337.2	122.6	155.1	193.6	216.7	337.1	416.6	422.1	84.8	53.3	308.7	237.5	225.6	241.9	362.7	250.0	349.9	371.9	364.0	214.2	220.6	152.1	273.2	304.7	241.5	189.3	113.1	243.8	441.0	127.7	102.5	216.0	84.3	94.4	57.6	103.8	93.6	323.1	147.0	129.3	67.6	167.9
1982	0.36	82.0	302.4	205.6	367.7	170.4	298.6	280.6	377.4	233.3	171.4	199.1	52.2	94.4	190.6	174.9	167.3	310.8	30.5	135.1	173.1	266.3	151.5	113.6	192.6	316.5	176.1	11.3	176.6	154.1	170.3	155.9	180.9	311.7	39.5	127.5	349.9	189.4	237.2	241.1	356.7	326.4	250.6	180.4	245.0	304.3	284.8	269.6	207.0	335.9	448.7	200.5	20.0	344.0	257.3	81.8	73.2	117.6	84.7	55.5	36.2	77.8	47.4	192.3	66.5	31.5	41.8	65.2
1983	1.40	3.9	195.6	80.1	433.9	1048.7	161.2	109.3	538.3	501.2	896.3	1018.9	33.8	58.6	205.8	297.0	382.3	638.8	7.3	43.5	61.4	107.5	144.7	245.6	355.3	590.9	326.2	21.4	91.9	81.8	150.3	216.8	126.9	162.5	23.6	64.8	159.8	189.7	247.5	255.8	298.9	210.2	152.0	206.1	219.1	225.9	343.9	309.9	288.2	310.7	336.2	291.5	21.0	349.0	171.8	168.0	203.7	107.7	190.9	131.0	47.3	88.0	144.3	425.3	330.0	231.0	28.3	106.4
1984	-0.50	89.4	372.1	230.5	230.2	409.0	387.6	176.4	455.3	526.5	742.7	417.0	229.7	132.9	277.7	167.5	255.1	675.0	10.6	224.2	164.9	214.0	142.0	283.1	240.4	331.9	398.1	163.0	207.7	240.2	191.4	122.7	218.5	288.2	119.9	156.5	205.1	289.4	200.3	163.7	247.1	189.5	201.6	260.5	112.1	155.9	249.2	184.4	252.9	113.0	329.5	322.6	171.3	175.8	342.9	86.4	82.9	191.0	135.3	71.0	42.4	54.5	21.2	334.1	135.0	274.7	46.3	47.5
1985	-0.88	55.3	302.7	139.1	183.4	372.2	295.9	89.4	502.7	673.0	694.8	785.9	73.5	126.6	148.1	182.8	680.1	639.1	0.1	59.4	89.4	81.8	116.9	305.4	304.3	503.4	623.1	14.5	74.1	64.5	80.9	120.8	253.0	184.2	33.0	39.8	122.3	82.1	178.2	230.8	190.9	281.8	536.8	439.3	324.5	94.5	225.8	226.7	171.0	150.1	181.5	183.0	23.9	111.5	331.2	44.0	82.9	135.3	9.6	68.4	49.2	164.0	121.1	447.5	82.5	75.7	101.3	89.8
1986	-0.39	66.2	158.0	48.6	300.3	607.7	203.9	61.8	751.9	930.9	1084.1	900.0	45.7	42.3	237.8	248.6	789.5	988.8	19.3	82.9	26.3	56.0	78.7	357.7	500.1	690.3	613.9	30.1	131.1	188.4	135.5	175.7	291.0	384.2	108.4	19.0	313.8	269.1	370.5	265.7	284.2	295.1	351.4	298.1	220.0	248.1	383.5	316.9	238.3	281.3	192.6	324.4	35.6	101.2	230.1	63.1	33.3	100.5	44.0	96.9	16.2	49.3	132.8	657.9	70.7	50.7	56.4	100.6
1987	1.09	59.0	284.0	142.6	143.2	586.2	136.3	131.5	242.5	350.5	466.3	616.6	60.3	133.0	460.7	344.6	467.4	693.2	53.7	23.9	144.7	263.7	286.0	516.0	314.4	573.5	523.8	72.7	167.3	168.6	223.7	327.3	413.7	219.2	146.7	124.5	320.6	261.9	433.6	273.4	353.8	295.3	332.5	283.0	292.5	209.1	466.8	327.1	266.7	139.0	177.1	239.7	78.4	111.4	130.0	86.4	85.4	62.1	48.2	23.2	20.6	53.3	83.8	315.0	107.0	144.7	52.5	126.4
1988	-0.35	205.7	327.7	166.7	190.4	498.2	263.6	40.2	315.3	258.7	287.7	299.7	60.2	84.4	154.0	135.6	266.0	280.2	1.5	107.0	141.8	174.5	120.5	194.4	180.7	150.3	195.1	32.4	76.5	88.9	195.5	246.9	284.7	263.6	23.1	40.4	200.5	355.0	352.4	338.2	419.3	295.0	493.2	368.0	418.8	177.6	326.0	250.1	205.0	187.6	148.9	239.0	42.2	188.8	92.5	29.7	89.7	68.9	23.7	28.4	21.3	56.6	64.2	180.4	130.5	102.0	35.2	88.1
1989	-1.00	68.5	327.5	313.1	384.6	256.7	183.4	115.0	552.3	412.7	519.1	401.6	64.0	89.1	199.3	331.6	443.3	367.6	1.6	80.9	153.0	174.3	201.0	255.9	251.1	331.9	331.3	29.0	267.2	199.2	243.8	237.2	271.6	162.7	30.7	22.9	338.3	256.1	224.3	346.3	181.7	187.6	386.8	245.1	232.2	219.5	281.4	256.6	119.9	300.0	165.9	150.1	10.7	113.2	34.5	35.0	52.0	56.0	16.5	89.1	71.0	72.0	45.6	430.9	58.7	76.4	52.7	62.9
1990	0.33	33.9	343.5	129.6	199.4	732.2	255.3	167.3	534.6	489.7	771.4	653.8	75.7	52.8	277.4	249.6	508.4	640.5	33.1	134.0	153.3	173.2	158.0	302.3	319.3	634.1	651.0	62.7	175.7	219.6	331.0	238.4	274.3	398.9	40.2	47.4	358.8	462.4	249.4	502.6	254.0	301.1	468.2	313.2	454.0	169.0	281.4	313.8	282.7	207.6	227.2	411.2	29.2	122.8	302.0	48.2	98.9	187.7	76.2	62.9	44.6	101.5	126.1	313.4	72.4	200.1	40.1	119.6
1991	0.32	88.4	320.7	180.0	564.9	296.2	384.9	237.0	586.7	483.8	390.4	428.5	140.4	105.3	170.3	358.6	227.3	499.3	3.6	88.8	204.4	235.8	176.9	247.4	230.7	649.4	440.0	5.7	182.9	242.7	149.3	390.8	415.9	280.3	44.4	47.9	119.2	251.3	134.8	318.3	231.0	128.0	249.0	175.9	133.2	92.8	180.1	144.7	154.8	166.7	161.3	123.4	77.4	204.5	240.5	44.1	48.4	114.6	42.4	25.0	50.9	77.0	77.0	580.0	269.7	68.9	10.3	43.8
1992	1.47	31.7	171.2	96.9	397.8	658.2	189.3	136.7	299.3	479.0	564.6	551.6	197.4	201.0	369.3	341.9	442.8	943.0	23.0	95.6	177.3	275.4	283.0	235.7	390.9	818.4	575.7	48.2	196.7	143.0	189.1	179.2	201.7	220.0	60.3	64.9	318.8	225.8	261.3	207.4	375.7	291.1	415.5	355.2	228.9	222.3	340.4	264.2	287.5	314.9	281.7	250.3	53.0	165.7	250.4	82.1	122.9	143.7	156.9	222.9	63.6	59.7	59.7	209.8	280.2	130.5	40.9	94.2
1993	0.85	50.3	377.2	102.5	184.3	447.0	173.6	117.8	344.7	198.1	364.8	276.0	92.1	81.5	100.1	218.2	410.7	630.8	12.5	45.7	85.2	210.3	263.9	248.9	218.8	566.9	528.9	64.6	95.8	268.6	196.6	281.4	370.5	446.3	89.5	107.9	172.6	226.6	234.1	597.8	452.4	543.9	408.6	298.1	393.0	249.3	518.2	456.3	496.7	336.6	388.1	357.2	32.7	224.4	399.4	80.9	72.0	140.1	105.2	68.9	87.6	34.7	34.7	305.0	198.8	147.7	17.8	44.3
1994	0.10	11.6	114.0	65.1	306.6	499.8	116.7	84.5	415.2	470.1	485.1	495.1	40.2	25.4	269.0	564.2	402.0	386.9	4.8	82.0	129.3	126.6	80.6	247.9	246.6	302.5	214.9	17.4	165.1	145.2	191.3	310.0	442.1	238.9	77.3	51.5	133.8	254.2	393.4	208.9	238.5	326.0	456.9	388.6	244.0	185.1	213.9	166.5	200.1	199.0	212.7	163.2	140.4	180.2	237.9	138.1	164.0	226.7	29.3	133.2	104.4	115.6	115.6	228.9	119.2	132.6	50.4	46.9
1995	0.32	86.8	123.9	161.4	357.1	329.0	230.8	90.3	244.0	547.2	415.6	349.0	69.8	47.8	50.0	184.1	268.0	347.4	2.6	108.7	103.6	68.8	98.1	351.4	328.8	410.2	296.3	26.6	55.8	164.6	110.9	155.9	257.9	372.1	35.7	31.6	291.9	285.5	541.6	445.0	449.5	488.4	339.7	365.8	247.0	126.6	333.0	314.0	146.6	300.0	228.1	279.5	11.0	151.8	151.2	26.4	82.9	101.2	83.1	86.8	54.1	36.3	36.3	273.9	40.4	174.8	40.4	36.5
1996	-0.34	45.4	249.0	132.1	446.9	375.7	156.7	231.2	420.0	439.8	581.9	288.7	84.5	69.7	170.3	246.4	397.4	538.0	12.0	116.3	117.8	289.6	173.0	245.1	262.7	413.4	370.3	44.1	147.5	174.4	134.5	234.8	391.0	235.4	130.3	87.0	291.6	345.2	270.5	235.0	386.1	202.6	196.5	180.0	161.0	143.8	432.0	275.0	309.0	155.8	227.1	179.6	37.0	150.5	222.1	33.2	54.5	160.7	4.3	7.7	65.8	111.0	111.0	182.7	55.0	113.9	28.3	82.0
1997	0.45	115.4	312.6	87.0	129.2	479.7	109.5	108.8	104.0	213.9	227.3	331.3	120.0	36.8	68.2	137.8	100.0	380.0	37.1	142.0	155.7	56.3	85.2	81.7	102.1	285.4	192.0	46.5	92.2	101.9	133.1	84.9	145.0	185.7	43.4	65.0	307.1	229.9	212.9	197.6	280.5	288.1	230.1	152.7	239.0	231.0	368.8	150.0	159.6	221.1	164.9	173.6	66.1	206.3	272.2	90.8	188.9	183.5	100.3	127.9	80.6	51.5	51.5	141.5	138.3	151.5	79.5	76.5
1998	1.11	30.7	149.8	131.7	411.8	805.1	232.4	73.1	484.7	507.8	731.2	775.0	131.0	94.7	208.1	261.9	854.8	937.3	9.3	126.3	186.5	171.2	246.0	305.1	416.5	694.7	757.8	95.5	211.1	227.5	320.3	176.7	282.6	228.5	110.9	148.5	174.3	407.7	327.2	260.7	335.0	337.8	297.3	337.1	373.7	158.1	364.7	344.0	256.9	112.1	259.6	462.3	45.8	110.4	128.5	163.6	72.4	185.8	282.9	167.9	72.3	102.5	102.5	181.3	48.2	68.7	93.6	21.5
1999	-0.79	126.7	332.3	219.0	269.9	388.7	274.8	161.5	249.7	509.7	429.4	495.2	155.3	164.6	276.7	341.4	210.2	286.1	14.2	142.0	227.3	415.2	299.6	454.0	493.3	261.3	246.1	83.1	210.5	255.7	394.0	249.8	412.2	225.9	85.1	109.3	468.5	580.9	573.9	217.8	324.8	197.4	255.1	216.0	214.7	335.4	514.8	264.4	262.8	216.9	228.6	231.8	195.2	189.9	104.2	96.0	105.7	44.9	91.6	28.5	22.4	36.2	36.2	324.5	344.7	122.6	4.2	43.0
2000	-0.88	66.4	440.8	211.7	511.0	421.5	242.0	165.5	336.1	264.3	348.7	324.7	241.5	118.4	268.5	374.5	396.5	637.2	49.5	236.9	206.3	357.0	251.5	645.7	643.0	602.2	594.1	152.8	292.7	302.7	296.5	339.9	553.5	678.7	106.1	105.1	274.9	283.9	327.0	560.5	555.1	325.6	613.1	454.2	358.9	294.3	318.4	281.4	261.8	172.6	179.8	275.5	99.5	146.2	121.8	46.3	142.5	47.0	66.3	74.7	85.7	133.3	133.3	272.9	230.0	173.7	28.6	107.2
2001	-0.29	5.1	289.4	217.2	259.9	412.5	335.8	161.8	210.3	402.9	220.4	436.4	131.8	124.7	305.3	267.2	349.4	498.6	14.3	169.0	182.2	430.7	264.5	239.9	230.9	548.1	435.3	165.6	291.1	257.1	388.5	373.4	418.4	242.3	282.4	142.4	453.2	355.1	380.5	461.0	425.3	372.7	462.8	311.4	114.0	389.1	417.3	313.9	217.0	317.8	321.1	201.2	69.9	290.8	348.3	98.5	114.2	132.5	52.8	55.0	14.4	58.0	65.9	247.6	212.8	209.7	26.7	64.9
2002	0.22	34.5	432.1	111.1	299.7	519.1	182.0	156.4	804.1	730.7	636.1	735.2	65.1	140.1	325.4	514.6	589.9	811.6	34.6	89.9	127.0	213.3	295.0	331.7	409.7	701.4	768.9	51.2	71.0	162.5	207.2	412.7	442.2	613.1	119.0	87.2	384.4	178.2	452.0	520.5	711.2	683.3	666.1	606.1	586.5	160.8	436.8	510.1	456.0	179.7	258.5	393.3	65.8	185.2	311.0	25.6	106.5	275.0	86.3	187.4	92.9	172.9	181.8	420.0	128.0	120.4	86.4	95.6
2003	0.04	129.0	174.1	107.3	218.2	221.0	253.5	227.8	209.5	266.3	273.9	282.7	148.2	75.4	382.5	568.1	609.8	674.8	16.8	104.0	213.2	242.1	211.6	460.9	496.1	631.7	646.3	71.5	66.0	111.1	153.6	323.5	351.1	489.1	31.0	35.3	192.5	243.9	219.2	335.0	311.1	292.9	230.5	167.7	12.3	113.3	374.5	306.1	246.1	107.0	94.5	287.2	39.5	101.7	66.6	40.5	77.4	37.6	87.2	119.1	64.5	78.7	79.5	309.5	93.1	127.6	66.5	144.8
2004	0.09	51.0	315.5	95.8	239.0	542.0	345.3	108.7	193.8	231.8	173.8	295.9	55.0	61.9	193.6	194.8	409.9	245.4	56.4	110.0	293.1	201.1	200.5	378.6	460.1	284.7	300.0	136.5	266.5	302.5	391.2	293.9	317.5	316.3	155.8	116.9	230.6	432.7	147.9	281.0	235.8	233.6	353.9	284.6	268.0	187.1	153.0	178.4	186.1	182.1	163.7	231.9	104.4	242.5	177.7	48.3	236.7	197.7	46.9	41.5	30.3	28.0	36.9	209.3	382.5	196.8	36.2	46.6
2005	0.36	20.2	239.7	79.9	315.4	478.7	287.5	138.1	263.7	486.0	570.6	669.5	139.0	120.1	376.5	424.4	432.2	440.0	1.8	83.3	84.9	178.4	286.0	448.2	444.4	420.3	693.0	32.8	209.7	132.8	149.2	219.7	303.6	371.0	69.4	68.8	143.7	139.4	174.3	193.1	252.6	142.0	311.6	202.2	239.6	134.3	154.0	164.7	124.3	61.9	50.5	113.1	8.7	88.1	310.7	27.5	24.7	206.0	17.8	47.5	91.7	81.7	78.2	316.5	32.5	67.1	32.2	117.1
2006	-0.31	35.1	444.4	130.6	203.2	308.5	226.0	162.5	226.9	237.5	468.3	415.8	56.0	25.1	139.8	255.5	230.3	207.3	21.8	30.6	86.6	155.6	190.8	171.3	187.2	211.6	152.2	29.6	127.1	151.8	202.2	262.2	228.4	150.0	53.1	21.2	192.9	230.5	190.8	245.7	228.2	173.2	228.1	167.9	182.0	146.8	157.9	119.5	71.8	142.0	59.4	85.7	5.8	46.1	175.3	37.7	70.9	58.8	9.9	49.1	15.7	45.2	31.7	196.9	29.5	58.8	33.8	92.5
2007	-0.17	67.6	155.1	176.5	169.1	776.5	206.7	83.0	411.6	468.8	514.7	524.3	99.5	57.5	488.7	480.5	346.7	353.5	32.5	61.8	199.5	311.1	283.5	692.3	651.9	360.0	559.5	84.5	151.0	215.7	114.2	322.2	625.9	919.3	114.8	168.2	246.6	187.7	275.6	367.5	241.3	275.5	556.6	446.2	299.3	211.1	243.1	280.1	204.1	213.5	195.3	377.5	8.3	242.4	73.2	36.8	32.6	79.3	78.7	82.6	34.6	75.8	63.7	310.0	53.7	148.9	20.9	130.4
2008	-0.83	57.4	353.1	225.1	209.6	368.5	320.5	177.6	94.0	133.4	91.7	404.8	114.0	134.3	39.2	18.8	89.7	253.2	11.0	83.4	205.8	125.5	175.5	120.0	97.6	265.8	178.5	72.9	152.8	192.6	157.7	85.7	95.6	55.3	150.3	69.8	78.2	102.9	170.7	177.4	239.6	195.1	168.5	186.1	89.0	43.8	176.2	149.5	126.6	110.9	181.3	194.2	81.1	76.2	247.4	46.8	75.8	191.1	74.9	126.9	46.7	87.3	85.9	56.7	34.5	57.8	26.0	102.6
2009	-0.20	76.9	242.0	160.9	378.0	498.8	281.9	135.4	46.0	146.0	143.0	209.5	82.0	98.6	83.5	94.4	64.1	196.9	22.2	54.3	115.8	128.9	107.8	232.6	439.2	185.1	206.7	38.6	68.4	44.0	62.2	138.9	205.4	313.2	28.2	41.3	135.1	81.2	121.5	169.4	113.8	237.1	254.5	168.3	193.0	88.3	144.2	263.9	153.0	112.9	207.5	191.3	56.0	127.1	405.9	33.8	16.0	263.6	41.7	17.6	33.5	44.1	100.7	120.3	17.0	19.6	29.6	89.1
2010	0.56	37.3	113.3	212.2	374.5	700.0	186.5	138.4	463.5	378.9	388.6	353.0	105.0	23.5	123.5	302.0	365.6	317.0	21.8	110.0	251.0	370.0	120.4	272.0	457.0	406.1	232.0	19.2	130.8	114.0	112.0	229.0	248.9	351.2	49.0	50.0	147.5	96.2	206.0	206.6	139.0	289.6	324.0	250.0	272.0	244.5	242.0	202.0	233.0	153.0	167.1	264.2	34.4	113.6	85.0	11.0	103.0	67.0	43.7	27.9	21.9	46.0	34.0	295.2	85.0	165.0	15.0	67.8
2011	-0.68	84.6	157.3	191.0	332.6	231.6	179.7	158.8	247.0	214.5	237.2	252.4	68.0	62.5	140.2	254.7	193.0	249.9	12.0	12.1	101.2	61.6	97.0	339.2	312.0	258.0	364.4	21.6	124.0	145.6	140.2	255.0	380.0	243.9	18.0	47.4	228.5	144.8	273.0	241.0	170.1	157.6	188.8	133.7	116.0	206.0	217.1	128.1	128.5	218.9	142.0	104.0	19.2	154.5	137.6	16.1	22.0	87.8	15.7	133.0	36.1	54.5	64.5	0.0	133.1	74.1	22.8	96.4
2012	-0.24	58.1	191.0	168.2	409.9	451.0	224.0	170.9	177.9	383.0	263.5	242.4	32.2	76.0	104.7	228.0	321.0	186.5	2.2	52.0	106.0	103.6	52.1	234.4	253.0	193.5	179.0	15.0	58.0	273.0	154.1	208.0	253.1	321.0	81.0	33.0	360.0	333.8	411.0	280.0	419.6	307.3	311.0	193.6	181.0	131.7	440.9	358.0	267.4	286.4	247.3	292.0	17.2	108.1	169.2	43.0	90.2	82.0	12.6	63.0	69.7	74.8	92.1	0.0	133.1	205.1	30.4	80.6
