24.7
23.9
20.3
16.8
13.1
9.9
12.6
14.3
13.3
17.3
18.3
22.2
24.7
22.9
24.5
20.2
16.2
10.9
9.8
11.9
13.4
16.9
19.3
23.4
23.5
23.7
21.2
17.8
18.1
10
10.2
13.8
13.7
17.2
20.5
23
23.6
22
21.7
19.1
15.9
12.3
11.3
13.6
16.9
17.7
19.5
23.6
26.4
22.9
20.8
17.6
13.9
9.2
8.8
11.4
13
19.2
20.2
25
24.7
23.4
21.3
16.4
13.9
8.7
9.2
10.2
14.3
18.7
19.6
20.5
24.8
23.6
21.3
17.4
15.5
12.8
11.3
11.7
13.8
17
21.9
23.2
24.9
23.3
19.7
18.8
14.9
13.6
12
12.2
15.2
17.9
20.6
23.4
24.8
24
22
18
