AccRain
219.8
240.3
197.3
119.2
66.8
13.4
9.9
26.9
57.2
154.6
201.9
191.7
262.6
227.5
244.1
119.8
73.8
26.1
6.8
8.8
93.2
124.1
210.4
280.3
265.8
297.5
287.8
166.9
41.6
17.1
31.1
34.7
91.6
152.8
200.8
285.6
280.2
208.2
269.2
122.7
87.5
32.0
20.9
17.5
85.6
157.0
232.7
302.2
278.2
289.8
205.6
117.5
67.0
20.6
20.6
23.4
73.6
120.4
140.7
272.4
304.7
241.7
316.0
148.3
73.8
24.3
5.7
34.5
67.4
159.3
172.6
194.7
355.0
353.5
237.1
159.9
60.2
20.7
27.4
27.1
37.8
158.0
181.8
255.9
279.7
234.6
331.0
119.7
86.6
20.8
8.0
13.2
59.7
125.0
186.5
328.6
256.4
285.4
312.2
232.4
86.7
8.8
16.3
15.3
72.8
196.0
197.2
244.1
242.3
337.2
199.6
